АНАЛИЗ И МОДЕЛИРОВАНИЕ ПРОЦЕССОВ АРСС. Исходные данные. Вариант 10.
  71.738
  57.096
  41.360
  36.865
  51.338
  59.836
  71.842
  79.494
  95.221
  63.945
  45.083
  50.856
  56.675
  43.785
  29.942
  93.909
  88.967
  54.421
  49.403
  18.198
  39.405
  74.991
  88.815
  99.020
  27.468
  12.372
  36.531
  76.101
  86.219
  63.402
  77.485
  71.078
  55.026
  50.419
  60.782
  75.974
  84.540
  90.463
  51.570
  39.834
  29.104
  42.477
  75.676
  87.938
  58.048
  45.082
  37.251
  42.093
  83.173
  64.855
  37.400
  64.228
  89.785
  62.480
  35.444
  46.601
  83.972
  74.709
  43.791
  34.614
  42.437
  86.940
  92.167
  80.362
  64.639
  50.569
  24.424
  61.852
  82.237
  85.292
  79.904
  80.072
  67.941
  49.232
  44.259
  44.632
  61.038
  62.800
  47.972
  71.753
  62.309
  50.771
  47.564
  79.962
  91.847
  84.692
  55.994
  54.179
  35.892
  11.649
  41.247
  94.942
  90.815
  52.199
  37.568
  42.733
  52.083
  82.549
  66.683
  55.980
  60.113
  43.436
  48.640
  59.558
  86.320
  58.716
  24.500
  43.071
  59.170
  69.378
  69.072
  69.289
  47.633
  59.467
  58.774
  53.822
  76.709
  82.972
  72.136
  30.809
  37.661
  65.264
  52.786
  54.386
  68.907
  59.733
  45.115
  50.424
  64.530
  61.500
  66.035
  73.176
 104.042
  54.941
  25.432
  57.828
  80.891
  65.237
  79.598
  68.237
  49.574
  51.147
  71.973
  73.419
  71.527
  50.052
  35.547
  37.303
  69.927
  84.311
  68.097
  19.495
  35.810
  51.041
  58.892
  46.185
  54.024
  61.220
  74.148
  47.126
  63.366
  67.486
  76.514
  68.892
  63.027
  63.489
  64.632
  52.697
  41.937
  70.845
  57.445
  43.292
  38.216
  74.329
 121.096
  77.220
  42.946
  20.998
  14.883
  75.056
 115.486
  85.753
  34.260
  33.394
  69.533
  69.182
  56.015
  67.189
  55.629
  59.582
  57.463
  75.847
  61.972
  30.007
  34.880
  57.523
  73.893
  81.512
  78.429
  82.679
  60.025
  43.360
  30.377
  49.251
  79.542
 102.779
  68.696
  62.352
  45.346
  32.115
  41.195
  71.926
  76.808
  62.984
  43.408
  58.314
  70.683
  58.439
  67.292
  59.526
  53.751
  47.426
  83.188
  48.391
  51.499
  75.316
  72.482
  70.189
  66.457
  68.758
  37.246
  49.879
  53.006
  70.671
  65.762
  69.040
  84.230
  44.410
  41.846
  39.995
  99.266
 112.670
  47.356
  21.806
  24.036
  60.201
  75.378
  78.660
  74.061
  56.753
  66.413
  65.050
  78.400
  53.739
  46.632
  69.569
  77.380
  84.095
  49.860
  17.518
  15.907
  73.127
 107.500
  66.765
  27.181
  30.265
  77.578
 115.931
  79.936
  29.615
  58.859
  85.929
  59.922
  76.366
  75.263
  42.763
  30.989
  44.007
  89.341
  61.823
  48.316
  65.386
  43.603
  46.826
  58.927
  82.181
  78.173
  71.415
  75.254
  69.502
  56.453
  71.924
  57.384
  36.262
  59.575
  43.752
  55.990
  66.046
  65.753
  78.227
  40.289
  28.727
  39.593
  51.695
  92.846
  67.002
  46.878
  38.948
  63.404
  60.638
  57.559
  88.718
  73.183
  58.572
  41.364
  36.445
  73.594
  85.070
  68.011
  78.026
  43.908
  73.155
  58.309
  52.346
  41.752
  55.743
  75.304
  58.692
  26.149
  41.252
  73.007
  86.461
  81.843
  55.990
  21.329
  32.113
  71.207
  78.988
  89.826
  62.766
  78.929
  92.900
  34.185
  37.563
  46.053
  90.608
  80.838
  81.859
  65.363
  41.839
  31.277
  24.932
  38.246
  73.265
  79.529
  64.623
  22.772
  28.137
  50.575
  66.407
  99.045
 102.255
  81.786
  27.640
   6.116
  12.792
  62.451
  84.115
  81.215
  41.973
  50.249
  81.158
  64.451
  45.187
  51.403
  46.678
  33.539
  42.132
  63.520
 114.775
  99.898
  55.497
   1.525
  26.865
  55.127
  47.654
  86.245
  73.659
  93.231
  44.048
  34.467
  25.443
  47.467
  84.364
  81.916
  78.882
  58.858
  42.424
  46.394
  42.985
  76.205
  78.275
  63.607
  84.149
  37.912
  19.148
  72.097
  82.305
  61.361
  69.006
  70.805
  75.953
  49.604
  37.068
  43.645
  74.821
  85.648
  54.166
  68.380
  76.596
  53.070
  64.590
  59.661
  30.053
  25.630
  50.225
  87.993
  56.794
  34.809
  17.471
  35.003
  53.868
  77.035
  94.583
  74.702
  23.588
  35.883
  39.546
  65.679
  74.066
  75.011
  79.749
  46.592
  27.242
  74.018
  74.414
  85.491
  68.042
  61.920
  47.522
  44.593
  88.832
  84.049
  44.999
  40.606
  41.546
  50.087
  68.197
  94.629
 107.714
  60.776
  43.402
  44.513
  72.348
 102.679
  71.294
  50.134
  41.032
  21.834
  59.103
  70.399
  71.776
  58.624
  69.499
  86.517
  75.298
  13.105
  36.228
  26.265
  42.530
 100.052
 111.522
  79.933
  52.500
  30.018
  26.444
  50.377
  49.727
  74.166
  77.731
  33.788
  25.488
  32.818
  75.292
  91.320
 101.936
  66.434
  44.286
  17.768
  58.917
  99.951
  99.090
  64.574
  37.582
  18.841
  47.069
  78.518
  64.358
  43.678
  48.523
  54.613
  63.279
  60.408
  92.521
  63.274
  61.756
  71.536
  61.457
  43.899
  45.886
  47.440
  45.410
  65.159
  82.922
  57.426
  16.230
  24.661
  50.597
  81.129
 104.970
  99.516
  82.161
  44.726
  49.353
  53.353
  59.742
  80.112
  69.452
  39.473
  49.992
  55.928
  65.064
  68.605
  54.110
  74.425
 108.255
  74.883
  42.644
  17.593
  21.202
  78.840
  81.471
  48.744
  66.312
  69.671
  34.798
  47.981
  77.778
  70.136
  67.702
  18.534
  32.135
  44.934
  80.961
  89.093
  67.104
  44.185
  60.024
  58.469
  45.461
  54.994
  46.290
  52.863
  63.546
  64.228
  35.930
  75.637
  79.870
  78.299
  62.833
  73.555
  30.628
  66.754
  56.262
  29.165
  56.306
  52.219
  29.613
  48.871
  94.967
  64.589
  35.498
  49.142
  71.401
  48.417
  43.791
  65.826
  71.268
  81.560
  75.410
  53.693
  41.119
  58.696
  57.870
  40.334
  46.961
  88.726
  81.073
  70.882
  47.898
  22.436
  27.863
  49.155
  94.352
 112.002
  86.472
  40.595
  20.460
  46.857
  61.682
  89.155
  87.779
  49.073
  54.133
  88.381
  76.107
  55.325
  39.758
  40.984
  44.761
  81.124
  93.170
  78.635
  50.982
  11.458
  16.138
  54.462
 117.963
  89.457
  78.545
  47.335
  37.759
  47.432
  81.381
  51.843
  75.300
  82.025
  44.664
  37.770
  43.210
  59.480
  51.232
  81.937
  48.879
  39.545
  28.356
  65.954
  67.413
  57.932
  52.994
  55.224
  77.048
  88.236
  82.505
  22.967
  20.743
  60.559
 104.170
  86.072
  46.456
  44.638
  86.031
 110.198
  96.808
  67.702
  52.261
  44.231
  44.438
  91.990
 104.327
  85.652
  69.989
  22.649
  15.924
  56.391
  70.715
  55.067
  69.877
  44.201
  41.646
  67.646
  82.439
  69.237
  56.392
  38.763
  44.064
  67.841
  65.226
  51.177
  52.033
  71.549
  50.913
  68.526
  51.098
  52.606
  58.299
  64.223
  81.026
  78.679
  48.781
  49.671
  49.370
  70.161
  73.217
  73.927
  76.947
  60.649
  73.922
  56.427
  66.104
  80.472
  54.767
  21.628
  15.392
  71.079
 104.014
  60.309
  75.154
  80.402
  81.991
  45.403
  43.969
  35.875
  36.041
  70.970
  54.524
  82.439
  50.073
  29.106
  49.255
  78.176
  55.037
  28.229
  57.699
  60.694
  75.197
 105.479
  60.173
  35.135
  24.286
  20.379
  70.186
  51.757
  69.901
  93.791
  53.280
  67.630
  53.255
  63.498
  70.371
  51.706
  56.113
  33.866
  56.131
  56.816
  63.082
  42.247
  49.097
  91.066
  66.057
  72.421
  59.278
  55.799
  51.000
  31.751
  73.400
  71.696
  56.739
  56.483
  25.016
  51.047
  72.016
  70.872
  82.349
  67.216
  55.402
  54.178
  52.156
  57.633
  66.702
  54.727
  69.722
  72.748
  45.514
  35.366
  50.836
  49.560
  67.302
  55.529
  47.278
  45.069
  84.629
  71.239
  54.807
  58.069
  42.312
  61.482
  77.685
  72.350
  83.011
  74.397
  48.954
  36.114
  47.109
  76.765
 114.498
  76.980
  34.006
   9.634
  52.421
  63.087
  64.431
  51.810
  57.251
  46.416
  48.316
  63.640
  81.054
 106.436
  43.143
  39.568
  51.123
  42.537
  64.670
  72.179
  46.219
  77.633
  82.649
  50.566
  35.336
  18.730
  60.853
  76.687
 100.756
  78.750
  43.822
  18.446
  45.585
  51.252
  62.454
  53.398
  52.607
  82.283
  89.531
  58.681
  68.070
  22.179
  30.974
  65.049
  83.095
  52.011
  70.211
  73.172
  58.850
  29.891
  26.756
  59.408
 106.962
  93.277
  74.836
  33.171
  27.650
  30.976
  60.191
  95.475
 110.568
  77.238
  65.257
  34.838
  51.308
  58.913
  36.575
  58.033
  59.521
  73.595
  68.301
  56.393
  53.925
  56.597
  83.655
  71.558
  62.858
  57.000
  63.100
  43.440
  22.638
  37.782
  71.215
 107.315
  86.153
  43.470
   8.262
  19.436
  44.866
  93.704
  85.634
  54.178
  33.994
  45.313
  68.173
  88.711
  87.217
  61.270
  21.973
  41.266
  41.850
  87.605
  78.767
  96.239
  47.924
  69.361
  35.308
  26.770
  50.710
  89.345
 111.079
  77.025
  35.426
  49.074
  74.136
  72.891
  60.011
  39.373
  38.691
  62.991
  98.066
 102.983
  59.200
  32.224
  55.566
  73.143
  85.914
  96.454
  68.966
  30.495
  30.784
  45.325
  98.231
  84.169
  25.548
  33.400
  65.529
  76.132
  60.808
  84.981
  64.384
  62.695
  61.617
  27.711
  55.301
  55.430
  63.555
  85.407
  94.427
  73.430
  42.034
  26.451
  55.569
  42.333
  52.404
  71.883
  95.427
  66.883
  38.489
   9.587
  24.348
  63.874
 108.821
  81.977
  52.972
  47.286
  38.806
  44.193
  79.609
  90.386
  65.688
  44.404
  70.720
  77.795
  56.326
  53.384
  52.383
  43.000
  64.644
  64.441
  68.033
  68.136
  55.946
  60.914
  65.834
  77.653
  65.256
  68.803
  79.355
  56.762
  64.426
  43.391
  46.953
  60.310
  50.434
  87.503
  90.503
  58.359
  40.602
  24.991
  46.847
  73.060
 122.266
 129.250
  42.759
  17.350
  15.435
  44.590
  84.176
 107.797
  74.045
  53.797
  33.363
  42.146
  31.804
  34.742
  59.050
  85.926
  91.982
  55.184
  46.404
  35.119
  48.112
  79.912
 108.301
  61.038
  31.222
  25.445
  18.365
  57.351
 104.915
  97.590
  43.687
  16.960
  44.249
  51.341
  62.860
  82.532
  88.269
  73.646
  45.674
  12.040
  25.476
  58.929
  90.415
 100.663
  59.903
  15.303
  63.998
  76.608
  55.063
  42.232
  81.323
  75.560
  44.578
  60.629
  67.963
  49.903
  35.578
  59.966
  43.620
  46.176
  68.301
  77.555
  64.288
  55.340
  58.791
  75.181
  65.806
  46.280
  58.067
  77.861
  74.760
  63.879
  39.290
  58.276
  67.976
  36.305
  56.785
  98.045
  80.123
  54.121
  31.116
  33.611
  79.744
  96.059
  74.565
  63.119
  71.415
  69.614
  51.869
  77.572
  58.758
  57.385
  67.859
  86.891
  68.584
  49.151
  14.795
  60.969
  74.537
  47.180
  61.875
  52.139
  54.965
  32.485
  37.800
  24.037
  63.217
  83.658
  90.929
  64.534
  55.112
  41.788
  20.505
  33.595
  63.994
  65.311
  64.851
  26.651
  53.989
  76.240
  96.392
  46.761
  18.224
  41.240
  79.571
  99.341
 103.061
  51.346
  49.435
  43.639
  54.333
  65.590
  71.002
  57.785
  80.507
  49.962
  37.384
  61.070
  74.663
  96.974
  45.715
  37.850
  57.347
  90.808
  81.093
  86.308
  57.353
  50.470
  67.316
  70.159
  60.719
  58.830
  43.247
  51.544
  38.432
  55.831
  88.197
  98.016
  50.951
  41.170
  73.528
  54.269
  59.164
  60.864
  72.474
  67.701
  69.059
  68.856
  92.213
  67.423
  65.081
  55.810
  58.714
  54.452
  29.811
  58.671
  58.308
  50.740
  44.634
  41.370
  58.339
  97.650
  97.487
  78.177
  44.619
  -1.086
  44.312
  96.883
  70.474
  52.881
  41.824
  69.049
 105.121
  67.813
  65.571
  33.743
  15.763
  72.513
  73.464
  52.972
  69.687
  59.297
  57.876
  51.140
  91.009
  84.928
  41.410
  -8.161
  12.312
  80.633
  86.237
  99.046
  84.527
  25.828
  32.549
  36.793
  65.013
 111.051
  83.127
  61.850
  44.324
  53.491
  61.776
  48.722
  54.742
  63.286
  61.476
  65.347
  75.037
  70.416
  61.871
  24.409
  26.208
  56.883
  86.256
  79.710
  34.545
  23.007
  55.108
  81.078
 108.615
  66.958
  31.466
  31.635
  37.476
  33.909
  74.412
  99.724
  84.725
  64.146
  33.123
  70.072
  64.589
  56.670
  91.460
  55.858
  58.107
  62.393
  31.740
  34.097
  47.494
  90.089
  93.786
  79.485
  67.799
  47.872
  49.361
  57.489
  39.739
  56.818
  69.431
  69.375
  52.971
  49.313
  68.634
  53.708
  65.855
  71.652
  45.089
  41.838
  58.216
  56.347
  73.926
  63.175
  49.288
  48.713
  39.259
  56.386
  70.437
  61.850
  48.956
  22.175
  37.448
  69.296
  92.964
  73.867
  68.421
  47.566
  42.235
  28.730
  60.663
  79.732
  79.239
  26.133
  15.657
  48.794
  87.059
  78.533
  65.686
  65.809
  49.008
  59.150
  64.776
  40.976
  43.828
  51.515
  81.164
  67.968
  50.758
  45.987
  34.891
  59.618
  76.431
  80.064
  72.206
  45.048
  10.758
  54.928
  62.812
  73.071
  80.064
  80.353
  71.190
  37.150
  23.196
  41.381
  79.524
  73.462
  71.556
  94.793
  91.745
  66.016
  54.484
  63.713
  67.204
  57.368
  53.222
  44.533
  91.800
  76.815
  46.084
  12.157
  10.450
  68.895
 105.495
 110.121
  61.180
  41.652
  38.415
  52.407
  85.781
 101.522
  75.342
  27.698
  35.579
  67.427
  77.955
  70.930
  69.047
  54.830
  39.780
  19.838
  40.906
  85.302
 112.690
  51.673
  40.444
  55.349
  62.284
  41.525
  55.503
  84.592
  80.482
  40.969
  42.965
  89.798
  86.271
  69.698
  34.954
  58.119
  70.957
  84.064
  91.081
  59.160
  30.090
  22.125
  56.152
  49.294
  82.204
  46.429
  52.724
  55.794
  70.506
  76.272
  22.975
  48.206
  68.457
  92.578
  90.352
  68.727
  30.398
  26.358
  77.571
 121.202
  84.894
  39.618
  13.864
  32.757
  55.449
  78.316
  90.036
  86.735
  53.995
  49.321
  53.870
  64.844
 100.760
  99.869
  60.948
  50.213
  52.166
  43.586
  54.855
  91.977
  92.075
  40.526
  28.732
  18.185
  45.997
  76.146
  90.588
  76.540
  58.198
  61.214
  63.360
  56.859
  45.940
  61.070
  71.679
  32.545
   9.198
  47.335
  87.682
  85.517
  74.634
  64.795
  49.872
  54.829
  72.402
  91.810
  81.364
  44.322
  42.648
  43.342
  65.349
  78.288
  53.796
  48.673
  17.881
  61.600
  74.332
  88.395
  88.562
  53.881
   4.955
  42.419
  69.932
 100.518
  67.378
  56.700
  43.838
  62.742
  68.104
  70.549
  74.715
  31.644
   1.570
  69.138
 104.631
  96.334
  50.241
  11.752
  61.422
  57.433
  48.676
  56.915
  90.201
  82.283
  64.769
  58.236
  30.611
  26.819
  64.866
  82.527
  82.946
  21.147
   7.903
  32.485
  67.335
 117.574
  90.944
  41.687
  28.317
  26.962
  62.103
  99.607
  87.372
  76.918
  45.643
  12.647
  55.828
  90.910
  83.374
  41.610
  45.161
  60.362
  79.663
  63.708
  77.774
  67.213
  34.972
  43.375
  67.700
  66.879
  86.914
  54.623
  30.853
  39.463
  89.749
  84.724
  46.939
  53.101
  41.871
  54.298
  91.136
  75.588
  72.381
  19.274
  32.426
  80.003
  53.438
  71.730
  41.809
  60.455
  71.705
  95.880
  77.451
  40.166
  26.099
  35.247
  31.963
 101.090
  86.524
  64.976
  57.099
  26.532
  39.835
  67.129
  54.520
  53.212
  39.691
  50.102
  72.291
  88.176
  63.046
  32.901
  33.529
  89.458
  98.104
  69.817
  60.753
  84.244
  94.535
  44.287
   8.636
  35.514
  61.753
  57.142
  55.639
  66.249
  69.503
  57.470
  51.732
  60.024
  29.477
  32.740
  92.999
  84.350
  63.035
  32.083
  36.248
  63.017
  59.586
  51.390
  56.194
  88.519
  66.714
  64.299
  85.103
  56.130
  53.765
  47.966
  64.013
  80.463
  85.286
  59.852
  38.309
  29.835
  60.478
  60.970
  89.407
  96.748
  56.968
  31.886
  75.941
  94.000
  72.806
  40.935
  27.470
  40.256
  80.471
 108.860
  69.803
  31.736
  13.780
  53.582
  47.162
  68.196
  91.430
 100.365
  86.777
  34.878
  39.249
  51.341
  71.647
  39.506
  67.643
  87.867
  86.514
  63.167
   5.992
  29.650
  68.236
  91.879
  94.882
  51.816
  59.143
  38.085
  10.978
  82.525
 102.158
  75.706
  26.560
   5.582
  42.774
  74.521
 100.523
  85.820
  59.437
  14.277
   0.766
  49.860
  98.516
 116.681
  81.921
  50.376
  41.376
  13.729
  60.700
  73.675
  73.405
  84.592
  57.018
  64.707
  72.357
  53.232
  59.460
  51.058
  43.536
  61.113
  59.353
  67.060
  76.472
  56.127
  34.835
  51.284
  59.766
  75.345
  53.378
  54.146
  68.267
  53.467
  63.499
  76.575
  35.150
  13.201
  66.606
  81.142
  71.946
  40.835
  29.109
  62.269
  78.165
  78.396
  59.202
  50.410
  66.144
  60.590
  49.730
  48.915
  53.248
  86.548
  72.475
  35.320
  13.002
  34.395
  85.081
 112.899
  77.533
  44.589
  25.620
  26.049
  45.373
  76.877
 103.336
  88.052
  47.187
  25.556
   9.878
  50.271
  71.566
 109.560
 100.347
  53.158
  18.115
  34.550
  51.823
  65.366
  73.522
  65.930
  42.499
  71.877
  63.484
  59.965
  64.311
  60.155
  85.587
  54.149
  43.259
  20.961
  32.115
  71.506
 103.641
  99.216
  74.500
  52.232
  44.314
  57.370
  73.729
  65.559
  33.165
  54.586
  52.027
  64.808
  69.496
  66.085
  79.366
  43.420
  44.606
  85.354
  79.845
  49.848
  61.238
  40.955
  45.144
  73.567
  83.770
  84.672
  78.558
  42.646
  67.706
  54.178
  90.705
  97.915
  79.258
  23.298
  37.665
  48.502
  55.302
  63.103
  79.969
  41.765
  20.146
  67.069
 106.977
 108.502
  56.963
   1.395
  29.761
  82.383
 126.156
 104.004
  73.386
  32.178
  25.827
  25.154
  77.645
  88.433
  89.319
  42.054
  45.906
  27.369
  63.437
  99.974
  63.789
  20.758
  42.822
  82.406
  89.875
  73.249
  57.687
  67.939
  51.715
  38.107
  78.721
  43.897
  52.761
  59.271
  85.807
  88.969
  65.328
  64.374
  57.916
  44.314
  54.445
  71.489
  87.218
  75.566
  91.230
  39.819
  10.038
  21.077
  81.734
 100.296
  65.793
  19.012
  37.123
  51.684
  77.371
  43.570
  57.422
  43.042
  44.753
  50.916
  84.482
 112.773
  82.912
  28.202
   8.903
   9.279
  76.671
  91.716
  67.732
  29.162
  24.238
  54.349
  74.252
 115.802
 103.858
  67.751
  40.324
  30.640
  44.461
  65.234
  94.855
  38.581
  54.022
  54.059
  78.111
  78.789
  44.124
  18.093
  26.587
  46.945
 112.794
 106.961
  44.198
  21.829
  45.361
  84.995
  79.073
  39.832
  54.460
  84.617
  50.308
  36.406
  51.590
  84.397
 100.765
 100.411
  51.455
  25.288
  54.684
  66.894
  77.650
  63.246
  38.300
  21.631
  61.626
  68.969
  80.534
  65.977
  38.948
  59.672
  66.802
  70.383
  53.920
  69.807
  81.539
  56.713
  38.183
   9.876
  52.729
  46.633
  76.868
  75.343
  90.551
  56.310
  28.131
  36.955
  69.985
  70.272
  89.158
  73.246
  33.791
  37.828
  79.799
  79.394
  78.649
  65.064
  45.481
  27.110
  48.150
 106.702
  71.565
  69.553
  49.948
  20.888
  26.828
  93.655
 119.650
  77.109
   3.485
  27.302
  44.925
  97.558
 103.078
  73.963
  23.849
  42.041
  62.141
  72.812
  65.982
  60.590
  26.915
  60.950
  69.012
  66.833
  54.314
  60.418
  77.895
  93.288
  37.722
  16.075
  23.006
  81.742
  85.229
  41.553
  36.088
  68.373
  93.294
  62.675
  56.825
  49.928
  61.442
  59.439
  71.994
  65.567
  59.361
  62.166
  57.429
  41.938
  47.087
  40.987
  71.732
  78.412
  68.350
  61.690
  43.866
  38.558
  36.203
  54.789
  51.930
  76.681
  91.079
  80.281
  38.107
  44.463
  77.792
  76.740
  44.585
  38.836
  63.292
  94.094
  79.591
  38.363
  39.677
  77.324
  84.717
  94.389
  79.186
  45.153
  43.737
  47.899
  68.012
  54.621
  43.755
  57.248
  78.709
  53.231
  44.060
  49.782
  66.614
  78.061
  65.016
  48.720
  70.808
  63.114
  39.649
  37.529
  47.733
  71.279
  75.457
  88.312
  87.908
  70.270
  25.840
  25.447
  66.279
  71.187
  78.777
  75.588
  63.963
  39.498
  53.934
  42.132
  40.846
  62.030
  54.899
  76.119
  76.283
  81.970
  61.632
  39.757
  55.375
 101.978
  74.986
  46.845
  28.862
  54.460
  61.409
  97.298
  55.952
  59.982
  54.723
  48.150
  43.596
  67.319
  73.509
  69.837
  44.058
  46.745
  72.831
  70.798
  60.115
  50.049
  47.072
  66.627
  54.756
  62.995
 103.697
  66.452
  57.678
  53.005
  38.490
  64.284
  35.381
  29.969
  67.246
 101.778
  73.458
  54.254
  49.031
  70.488
  61.081
  58.162
  48.550
  32.848
  60.724
  76.127
  63.849
  68.364
  60.889
  51.583
  61.198
  90.531
  60.444
  29.686
  63.357
  62.249
  38.167
  29.205
  65.564
  84.494
  78.305
  49.796
  47.450
  36.519
  35.746
  77.763
  99.743
  84.085
  36.595
  19.315
  63.594
  83.174
  92.882
  55.421
  43.420
  22.253
  49.837
  45.002
  24.654
  61.086
  96.227
  49.772
  52.756
  54.773
  38.104
  34.522
  60.325
  92.933
 112.781
  87.836
  39.574
  37.144
  34.933
  37.125
  68.877
  74.629
  92.910
 102.032
  61.222
  31.084
  50.877
  61.268
  84.297
  74.267
  24.299
  53.868
  67.427
  81.996
  63.558
   8.522
  -2.612
  68.697
 116.231
  78.285
  73.269
  53.716
  40.057
  60.170
  48.264
  75.656
  85.979
  93.957
  41.726
  20.318
  25.294
  75.049
  52.095
  59.829
  62.968
  35.607
  34.669
  32.043
  43.622
  85.622
  84.915
  82.789
  67.723
  64.754
  62.267
  64.398
  66.656
  79.465
  48.097
  28.054
  51.159
  60.414
  75.935
  62.643
  55.149
  63.882
  86.395
  89.145
  58.998
  51.876
  66.515
  71.851
  70.761
  71.842
  69.408
  17.485
  15.228
  62.258
  94.697
  75.318
  57.641
  71.671
  40.964
  40.878
  82.193
  79.999
  66.358
  36.670
  37.072
  41.217
  37.543
  94.515
  97.173
  70.741
  43.648
  52.858
  46.051
  64.998
  51.955
  57.739
  54.481
  23.332
  36.474
  76.679
  76.023
  60.852
  40.741
  64.827
  61.155
  61.967
  98.715
  92.062
  73.335
  40.964
  33.015
  47.500
  50.392
  63.279
  54.689
  55.117
  96.826
  75.575
  46.624
  61.409
  55.860
  72.819
  70.210
  71.362
  43.608
  68.877
  70.982
  70.658
  77.445
  54.735
  37.298
  58.605
  79.905
  86.697
  97.214
  82.712
  40.338
  49.043
  38.197
  65.812
  93.780
  71.881
  70.298
  26.447
  37.876
  79.392
  92.578
  66.766
  53.247
  24.344
  32.164
  67.247
  69.784
  50.597
  48.937
  70.293
  61.509
  66.498
 103.355
  65.187
  51.920
  28.428
  49.333
  72.058
  37.624
  51.627
  85.121
  98.524
  61.666
  49.827
  41.432
  31.277
  28.907
  45.896
  64.962
 103.609
  99.191
  59.828
  14.949
  30.785
  59.605
  65.929
  78.286
  53.115
  58.408
  83.782
  57.355
  59.368
  63.265
  77.731
  87.787
  55.179
  47.295
  51.424
  59.022
  70.681
  72.015
  54.518
  50.305
  70.049
  76.232
  65.432
  82.118
  76.741
  52.999
  51.330
  53.954
  81.842
  83.853
  74.494
  65.198
  54.359
  56.840
  68.830
  42.117
   9.347
  41.139
  75.153
  81.826
  87.266
  69.973
  32.013
  39.560
  61.392
  69.584
  88.137
  47.745
  50.605
  79.915
  73.138
  40.724
  49.479
  55.401
  50.301
  56.513
  39.289
  63.800
  92.347
  91.616
  68.881
  34.005
  32.464
  66.639
  79.664
  27.586
  41.671
  64.412
  91.829
  45.548
  41.910
  71.656
  63.999
  61.676
  46.918
  25.753
  69.983
  89.491
  70.075
  82.886
  58.915
  80.407
  77.925
  64.860
  38.167
  67.547
  77.701
  78.062
  71.137
  54.289
  40.108
  50.922
  55.798
  71.873
  65.219
  88.177
 101.621
  78.199
  41.088
  29.631
  35.582
  71.790
  72.933
  59.152
  67.541
  47.783
  66.721
  60.854
  67.618
  60.132
  46.143
  65.199
  73.925
  77.837
  59.653
  46.667
  64.515
  94.562
  87.597
  46.513
  30.266
  58.669
  56.414
  56.264
  70.120
  75.387
  58.167
  54.828
  67.507
  80.231
  94.753
  68.621
  66.579
  51.496
  66.882
  61.476
  41.296
  49.717
  61.610
  65.940
  94.944
  50.764
   9.827
  49.120
  52.139
  80.137
  65.208
  57.457
  43.289
  43.587
  28.481
  74.009
  61.640
  65.950
  55.981
  52.210
  60.194
  53.865
  72.247
  79.503
  76.466
  63.514
  57.204
  54.379
  33.768
  45.822
  58.813
  87.560
  54.538
  49.935
  42.436
  55.187
  46.481
  61.414
  88.946
  54.609
  44.650
  33.735
  38.655
  52.876
  74.254
  66.762
  65.838
  55.232
  15.874
  31.615
  62.066
 102.715
 107.279
  77.606
  58.927
  14.846
  36.037
  57.391
  52.459
  68.483
  62.644
  64.409
  51.707
  37.449
  57.134
  81.826
 101.059
  53.301
   2.425
  24.696
  74.000
  84.916
  99.093
  85.753
  66.919
  60.263
  72.728
  69.126
  51.177
  71.228
  67.683
  53.492
  62.769
  89.154
  72.058
  55.322
  42.879
  45.730
  48.822
  49.110
  70.786
 105.068
  65.879
  14.427
  41.798
  62.413
  79.544
  78.252
  59.996
  62.264
  66.401
  56.459
  73.453
  51.935
  51.493
  49.782
  45.680
  79.542
  63.329
  65.208
  57.039
  55.324
  68.664
  64.786
  45.868
  37.517
  46.000
  44.635
  61.614
  71.328
  64.584
  45.192
  65.613
  70.482
  54.521
  75.905
  56.904
  80.834
  59.347
  34.568
  51.259
  46.995
  55.823
  68.506
  53.664
  44.650
  50.190
  68.741
  96.505
  46.257
  38.275
  43.994
  66.231
  98.807
  73.875
  80.928
  55.626
  23.955
  36.657
  42.479
  82.381
 103.790
 109.429
  61.691
  39.229
  46.675
  76.574
  62.578
  63.535
  87.900
  59.870
  24.225
  59.001
  77.836
  83.231
 101.789
  46.942
  28.219
  67.774
  81.719
  53.395
  48.817
  19.534
  39.310
  62.030
  92.880
  50.584
  54.034
  78.686
 109.011
  61.767
  49.542
  38.897
  22.374
  51.954
  83.603
  99.693
  90.772
  24.995
   0.304
  26.653
  76.333
  73.314
 114.404
  73.850
  50.477
  17.600
  28.494
  38.556
  38.843
  74.059
  91.805
  78.820
  49.918
  72.423
  65.196
  25.170
  11.431
  53.792
  96.152
  70.965
  58.999
  65.605
  63.358
  80.488
  83.095
  52.273
  50.028
  35.568
  63.978
  85.828
  84.255
  57.608
  50.632
  56.285
  57.337
  64.858
  53.272
  38.852
  35.719
  43.462
  50.702
  57.360
  74.958
  66.223
  65.710
  56.938
  67.372
  62.111
  84.223
  45.243
  14.918
  53.070
  74.519
  76.106
  84.819
  68.981
  39.310
  31.128
  71.248
  93.888
  73.767
  62.846
  29.526
  26.532
  80.184
  95.956
  82.257
  39.477
  39.758
  64.633
  76.461
  64.391
  80.332
  52.234
  58.335
  42.518
  68.778
  82.782
  84.455
  68.162
  61.300
  80.695
  42.302
  58.251
  61.368
  63.203
  81.183
  66.551
  41.968
  45.246
  75.322
  84.224
  90.105
  44.888
  26.842
  37.225
  44.177
  76.885
  47.217
  62.111
  70.335
  93.860
  83.009
  44.235
  36.753
  35.963
  71.928
 101.276
  87.931
  82.901
  60.885
  44.479
  25.741
  51.544
  73.783
 107.376
  73.001
  33.716
  22.790
  76.235
  62.249
  52.225
  65.710
  33.955
  63.693
  43.952
  48.267
  49.712
  75.605
  51.631
  22.230
  63.520
  94.629
  80.081
  59.463
  15.767
  39.897
  80.460
  87.274
  56.217
  36.228
  33.043
  43.882
  66.011
  81.266
  76.319
  74.129
  64.278
  29.206
  49.860
  71.412
  80.733
  82.987
  71.512
  41.580
  42.575
  47.596
  40.935
  49.406
  62.150
  81.649
 101.630
  33.055
  22.513
  51.266
 102.719
 100.815
  51.340
  13.802
  17.305
  78.030
  84.434
  79.656
  60.108
  49.280
  64.931
  63.427
  37.472
  70.115
  79.649
  84.561
  71.095
  55.223
  50.512
  60.826
  48.988
  38.350
  44.607
  57.400
  70.939
  69.143
  60.594
  57.876
  73.687
  60.407
  48.880
  42.685
  18.800
  28.231
  69.763
  72.539
  47.192
  66.616
  68.312
  31.741
  13.889
  55.070
  76.111
  79.691
  71.192
  45.727
  31.057
  64.497
  54.766
  50.516
  31.882
  38.191
  68.897
  92.143
  81.010
  54.025
  45.257
  26.445
  63.034
  85.440
  52.486
  41.249
  36.114
  25.799
  57.623
  95.869
  88.079
  65.104
  57.833
  40.984
  50.844
  60.220
  63.114
  85.597
  60.391
  36.962
  67.418
  77.321
  99.750
  48.154
  55.233
  52.216
  55.565
  23.047
  63.707
  90.467
  85.059
  50.753
  42.656
  83.746
  79.779
  46.435
  28.014
  29.980
  64.924
  76.236
  76.849
  65.981
  59.015
  36.790
  48.568
  78.073
  90.124
  42.250
  58.501
  68.357
 103.772
  92.122
  48.325
  54.899
  66.692
  53.559
  73.015
  62.129
  97.908
  57.581
  37.456
  58.882
  61.705
  48.470
  74.934
  77.787
  59.441
  26.232
  25.919
  45.073
  76.551
  93.417
  72.439
  53.285
  61.709
  52.818
  34.929
  60.020
  77.825
  61.551
  44.893
  51.869
  63.711
  66.254
  55.894
  58.637
  98.985
  45.940
  51.390
  55.331
  50.434
  54.927
  67.290
  57.656
  30.648
  40.683
  84.479
  93.852
  60.894
  30.286
  18.197
  46.094
  94.484
 103.026
  89.188
  54.297
  47.851
  25.769
  79.327
 104.137
 104.295
  77.395
  -4.788
  31.478
  93.287
  85.221
  94.281
  61.808
  35.793
  36.641
  45.282
  34.547
  32.703
  71.072
  72.346
  68.063
  41.067
  37.539
  74.965
  67.451
  59.822
  45.862
  45.788
  73.916
  55.865
  65.573
  80.469
  52.660
  18.255
  53.910
  82.475
  79.519
  80.847
  75.184
  37.832
  36.873
  81.557
  93.273
  79.857
  59.269
  34.719
  59.849
  57.802
  83.873
  78.798
  56.663
  38.852
  44.895
  53.636
  65.716
  52.487
  48.016
  67.330
  89.623
  68.569
  34.566
  46.355
  68.271
  93.814
  64.784
  45.167
  46.219
  20.626
  60.951
  68.274
  84.802
 102.920
  89.098
  58.772
   9.447
  47.566
  98.178
 111.407
  42.504
   5.526
  30.722
  76.622
 102.939
  86.939
  46.235
  50.060
  58.949
  43.827
  63.504
  64.238
  94.581
  60.385
  41.773
  50.491
  46.951
  82.845
  72.801
  41.525
  52.619
  78.374
  78.545
  46.246
  42.190
  59.944
  79.742
  38.176
  44.604
  63.380
  70.439
  60.888
  70.204
  37.255
  77.857
  67.493
  57.383
  37.690
  47.549
  64.210
  76.437
 101.494
  58.142
   2.300
  -3.647
  38.993
 109.926
 123.754
  71.015
  34.105
  45.902
  70.100
  54.713
  54.380
  66.110
  92.000
  52.153
  33.602
  40.363
  53.910
  73.085
  61.706
  55.480
  28.470
  28.354
  66.093
  65.926
  89.587
  92.115
  92.082
  64.106
  23.415
  26.973
  43.320
  79.781
  63.751
  25.930
  45.249
  74.474
  65.916
  49.463
  36.169
  69.531
  84.287
  99.353
  93.688
  25.296
  21.242
  33.472
  57.923
  76.869
 101.349
  66.570
  36.459
  27.797
  61.242
  76.103
  90.824
  83.213
  53.577
  27.480
  72.200
  69.296
  40.157
  26.481
  64.617
  72.793
  83.575
  91.117
  49.145
  58.506
  64.153
  59.292
  61.560
  54.555
  78.311
  80.810
  77.807
  57.896
  58.091
  28.197
  41.859
  77.535
  75.982
  51.242
  55.992
  54.862
  71.632
  68.257
  88.607
  60.460
  45.476
  46.078
  27.441
  70.007
  93.316
  68.524
  24.838
  37.741
  61.578
  65.849
  81.475
  89.968
  40.248
  15.164
  53.740
  75.957
  86.322
  63.691
  71.634
  54.539
  21.361
  70.409
  70.498
  81.154
  30.921
  33.873
  86.405
  99.055
  82.219
  29.712
   4.675
  43.676
  78.005
  84.414
  94.315
  75.224
  46.472
  32.981
  43.780
  46.987
  67.188
  87.345
  84.914
  76.935
  50.758
  74.682
  61.559
  73.533
  65.448
  31.433
  32.599
  51.343
  68.400
  87.085
  85.867
  80.016
  61.846
  26.973
  35.885
  55.734
  77.450
  84.895
  49.906
  65.968
  41.500
  41.539
  60.516
  72.840
  80.620
  36.597
  13.311
  30.172
  35.754
 103.850
 108.424
  50.251
  16.505
  30.776
 103.033
 117.333
  94.844
  31.184
 -14.055
  28.639
  81.723
  90.977
 110.182
  60.124
  42.444
  22.283
  53.888
  49.843
  46.113
  85.102
  98.941
  87.023
  66.471
  23.031
  47.465
  57.317
  88.406
 101.384
  48.765
  22.318
  48.261
  64.244
  68.639
  65.986
  67.786
  33.458
  30.426
  41.178
  45.353
  63.396
  69.094
  81.860
  70.878
  54.328
  54.361
  26.468
  53.768
  57.444
  61.337
  53.590
  83.426
  71.691
  49.864
  65.344
  73.222
  53.537
  81.059
 110.497
  77.365
  20.248
  10.998
  53.501
  89.970
  68.398
  18.407
  34.039
  48.527
  75.504
  41.731
  86.727
  74.013
  82.474
  61.766
  55.409
  19.584
  39.876
  57.428
  48.530
  67.307
  60.765
  67.561
  69.149
  54.170
  18.604
  41.689
  65.739
  93.615
  83.979
  34.680
  37.466
  68.039
  58.739
  60.320
  42.307
  24.753
  47.471
  60.926
 110.148
 118.686
  53.661
  24.288
   3.734
  41.404
  83.994
  87.304
  38.671
  30.307
  46.084
  52.511
  88.566
  97.720
  66.243
  33.251
  48.407
  57.151
  66.615
  80.395
  68.552
  63.631
  22.935
  31.514
  65.332
 106.859
  88.668
   6.732
   0.011
  46.277
  72.059
  76.915
  56.299
  56.770
  70.551
  76.683
  44.762
  50.839
  88.476
  70.358
  44.711
  47.861
  55.500
  69.968
  70.990
  28.137
  63.650
  59.191
  78.069
 103.918
  77.358
  12.867
  36.639
  62.664
  87.792
  71.474
  41.598
  40.862
  59.792
  71.437
  70.297
  57.969
  26.280
  10.116
  65.134
 112.182
  99.165
  74.192
  64.396
  34.392
  20.784
  52.822
  61.272
  46.083
  57.132
  94.184
  81.075
  58.607
  38.986
  40.977
  89.105
  71.858
  73.429
  52.586
  44.885
  41.790
  66.512
  60.494
  74.481
  84.640
  58.322
  38.809
  14.043
  70.716
  87.835
 101.780
  54.642
  36.671
  60.492
  43.822
  77.811
 103.117
  74.708
  22.700
  38.349
  31.294
  56.194
  73.410
  72.137
  73.188
  43.400
  32.004
  58.481
  92.253
  94.895
  63.245
  18.148
  44.961
  56.634
  84.374
  90.465
  37.034
  56.080
  79.729
  82.704
  66.021
  42.593
  50.463
  31.598
  48.294
  57.897
  71.592
  54.789
  45.969
  58.631
  46.821
  27.669
  55.738
  79.764
  58.415
  29.957
  51.413
  94.516
  96.915
  69.060
  39.036
  17.324
  24.689
  31.084
  96.760
  96.568
  70.474
  61.239
  58.842
  80.155
  45.394
  18.596
  56.430
  88.289
  56.121
  77.055
  65.440
  60.140
  53.706
  72.861
  89.108
  69.337
  51.291
  47.607
  68.731
  68.356
  49.608
  65.959
  93.605
  93.532
  47.258
  32.702
  66.065
  52.313
  65.441
  72.541
 100.243
  73.541
  33.037
  51.175
  62.614
  73.345
  73.588
  79.020
  75.495
  46.717
  52.143
  76.568
  65.968
  46.927
  44.532
  54.480
  49.023
  64.443
  62.883
  36.142
  38.889
  69.887
  54.871
  68.422
  56.370
  38.781
  48.449
  43.361
  58.704
  81.634
  58.301
  58.591
  70.190
  79.867
  39.905
  59.108
  56.365
  55.004
  56.259
  40.980
  59.014
  76.520
  70.859
  47.716
  35.302
  34.544
  35.357
  77.383
 109.039
  84.417
  53.906
  24.687
  14.619
  54.268
  93.336
  78.621
  49.906
  36.896
  73.804
  82.016
  94.571
  73.321
  25.596
  47.598
  84.928
  69.391
  34.648
  52.951
  69.176
  68.462
  84.335
  80.458
  45.601
  24.049
  27.501
  59.025
  70.080
  79.254
  77.277
  65.343
  63.772
  55.466
  18.164
  19.121
  27.126
  62.786
  79.060
  78.928
  58.395
  69.465
  92.322
  70.653
  73.602
  64.702
  48.819
  44.739
  56.345
  73.065
  72.743
  90.866
  70.614
  36.393
  56.139
  88.986
  84.419
  60.343
  57.978
  66.893
  73.124
  68.848
  28.427
  45.741
  59.036
  77.994
  67.120
  58.308
  56.503
  40.331
  47.058
  41.082
  63.621
  58.231
  65.932
  50.994
  62.469
  35.529
  53.558
 101.297
  76.390
  64.492
  61.371
  40.864
  56.375
  61.958
  85.214
  68.137
  64.477
  56.429
  63.898
  50.187
  58.985
  48.628
  27.289
  54.040
  74.453
  83.837
  50.348
  14.151
  30.991
  68.128
  75.214
  65.748
  52.101
  31.513
  56.245
  76.509
  82.453
  51.060
  30.696
  15.108
  24.673
  59.110
  87.217
  88.838
  37.219
  33.843
  32.146
  61.242
  63.775
  53.979
  85.515
  67.156
  25.411
  15.762
  65.570
  94.034
 112.627
  46.149
   5.556
  23.029
  52.573
  74.039
 107.358
  70.817
  65.390
  43.583
  80.575
  89.942
  53.825
  59.722
  36.675
  56.999
  47.194
  64.958
  69.935
  74.356
  62.155
  46.794
  70.392
  48.532
  54.227
  85.244
  72.201
  19.943
  51.618
  76.790
 108.820
  85.273
  66.882
  66.911
  38.289
  34.382
  49.694
  80.665
  53.041
  50.714
  35.022
  56.819
 105.750
  98.349
  67.428
  28.665
   5.038
  65.024
  90.380
  68.597
  55.206
  62.359
  43.474
  60.301
  73.785
  71.986
  94.737
  61.076
  28.793
  24.995
  53.790
  55.065
  26.847
  67.363
  69.263
  80.752
  60.920
  54.642
  31.108
  32.137
  79.744
 129.375
  90.654
  39.452
  21.052
  42.379
  51.307
  65.174
  77.312
  74.291
  35.162
  61.592
  77.963
  89.280
  67.747
  29.577
  22.885
  75.229
  99.983
  82.059
  66.347
  46.301
  66.395
  55.960
  64.807
  87.962
  51.497
  67.140
  65.094
  62.938
  56.260
  52.639
  39.570
  49.111
  38.700
  39.632
  71.500
  57.533
  47.398
  35.172
  12.308
  82.290
  93.317
  76.746
  12.304
  44.305
  57.048
  99.232
  84.593
  50.784
  41.897
  48.942
  60.553
  84.096
  67.779
  68.625
  45.040
  35.081
  58.709
  40.482
  96.474
  68.705
  76.916
  58.006
  59.055
  41.523
  57.682
  64.386
  49.949
  32.357
  48.777
  65.249
  88.758
 106.017
  63.798
  42.947
  42.886
  66.566
  74.885
  77.884
  76.345
  52.482
  27.823
  39.212
  81.553
  69.492
  75.510
  59.224
  55.321
  48.824
  69.022
  57.701
  67.738
  90.606
  74.554
  52.014
   3.915
  52.616
  85.272
  78.668
  64.387
  55.135
  42.137
  75.073
  83.140
  75.416
  78.520
  29.124
   6.607
  30.302
  47.646
 100.672
 110.688
  57.482
  45.269
  39.602
  80.099
  85.068
  24.760
  46.874
  83.977
  77.644
  80.205
  33.407
  65.111
  54.308
  76.610
  57.200
  41.172
  68.902
  67.886
  77.588
  68.742
  67.700
  40.950
  36.561
  35.047
  75.443
  83.084
  79.424
  72.097
  53.128
  26.397
  42.639
  61.387
  62.777
  75.541
  57.844
  47.980
  57.105
  76.730
  76.116
  62.926
  62.492
  26.926
  25.067
  62.656
  95.667
 115.574
  92.126
  47.492
  42.927
  39.478
  71.581
  53.145
  62.621
  45.728
  64.581
  68.230
  87.251
  48.827
  11.516
  47.196
  65.896
  72.622
  56.771
  54.199
  55.192
  74.244
  58.966
  83.963
  43.615
  35.438
  36.114
  56.667
  52.362
  55.175
  64.979
  52.139
  66.976
  49.791
  70.430
  50.956
  71.967
  50.745
  36.756
  69.593
  78.638
  79.920
  63.653
  27.760
  46.330
  70.603
  41.768
  65.554
  46.821
  71.051
  85.114
  88.706
  73.790
  37.226
  48.390
  66.303
  77.851
 103.246
  50.098
  33.848
  42.529
  63.068
  69.163
  69.035
  56.426
  67.050
  69.901
  39.660
  39.985
  67.954
  43.156
  41.747
  63.349
  40.377
  35.123
  48.141
  64.849
  88.761
  69.010
  31.167
  59.004
  61.510
  77.473
  82.452
  36.691
  35.631
  44.119
  78.760
 104.298
  70.323
  25.644
  20.059
  62.786
  69.493
  56.117
  33.398
  56.790
  86.900
  68.900
  66.123
  66.397
  34.147
  26.826
  62.910
  92.343
 103.508
  60.639
  23.926
  27.483
  54.196
  91.076
 102.278
  76.842
  78.438
  36.459
  38.579
  54.228
  46.704
  77.964
  93.767
  77.093
  48.559
  53.176
  72.217
  77.132
  61.614
  53.149
  32.398
  66.440
  91.684
  79.836
  46.504
  36.064
  37.616
  31.967
  78.055
  84.386
  84.524
  58.422
  27.997
  10.795
  77.151
 101.087
 106.045
  45.321
  13.642
  38.464
  45.498
  70.937
  79.066
  83.482
  87.799
  88.584
  63.618
  34.690
  50.686
  56.607
  55.960
  98.732
  56.466
  45.166
  59.232
  73.125
  51.718
  50.610
  69.726
  57.365
  75.365
  78.048
  57.435
  64.844
  83.058
  38.993
  33.195
  60.131
  31.336
  62.229
  61.351
  63.058
  72.685
  74.964
  63.317
  39.430
  30.701
  49.215
  64.390
  84.423
  88.397
  69.884
  38.325
  36.004
  59.208
  78.048
  89.522
  32.674
  51.792
  52.364
  47.514
  51.260
  61.068
  59.797
  56.690
  94.976
  70.653
  68.112
  55.869
  83.795
  64.959
  42.201
  40.067
  70.087
  92.853
  88.856
  69.522
  23.774
  35.628
  54.896
  94.667
  97.664
  69.824
  61.340
  39.774
  33.421
  44.140
  69.111
  76.512
  47.753
  64.865
  47.242
  65.009
  66.837
  73.787
  64.231
  57.244
  53.498
  62.226
  86.656
  71.948
  43.157
  36.589
  40.027
  63.786
  91.614
  74.089
  28.325
  13.985
  56.939
 119.610
  78.134
  67.635
  33.717
  32.464
  41.504
  64.918
 109.032
  72.891
  49.541
  36.583
   5.583
  45.618
  73.495
  93.949
  78.290
  56.511
  34.636
  50.147
  53.767
  84.126
 121.271
  98.461
  33.361
 -17.804
  55.356
 121.160
  95.871
  60.507
  26.054
  31.585
  52.855
  72.484
  77.850
  78.409
  95.997
  48.985
  32.439
  45.249
  66.143
  67.657
  42.144
  26.746
  70.750
  62.526
  61.651
  85.198
  86.925
  64.886
  27.416
  12.102
  78.394
 102.671
  64.198
  43.160
  32.702
  64.246
  64.329
  62.604
  37.897
  78.876
  57.915
  45.041
  68.206
  40.606
  53.861
  53.463
  59.605
  43.278
  73.691
  47.801
  62.982
  68.197
  55.780
  55.865
  74.860
  60.100
  43.857
  30.202
  33.571
  82.553
  72.766
  81.903
  75.049
  72.727
  59.367
  56.693
  45.651
  54.394
  61.376
  74.186
  72.329
  91.471
  79.319
  27.270
  34.032
  74.423
  77.678
  44.531
  12.396
  59.365
  72.556
  88.025
  78.680
  47.060
  40.962
  47.672
  57.216
 101.046
  59.209
  45.188
  57.962
  60.681
  63.953
  61.282
  53.548
  86.533
  62.592
  61.548
  60.766
  67.074
  68.205
  46.149
  58.237
  85.177
  84.372
  66.381
  20.725
  34.168
  61.512
  72.810
  69.453
  50.838
  45.327
  68.540
  37.563
  43.198
  53.204
  56.186
  85.013
  73.525
  80.039
  59.834
  47.476
  66.330
  77.184
  48.662
  50.717
  30.923
  50.107
  75.695
  71.174
  81.155
  54.220
  34.515
  34.003
  53.390
  42.049
  60.637
  89.449
  84.440
  60.309
  73.179
  70.025
  35.286
  46.421
  63.751
  73.493
  43.436
  56.111
  42.428
  59.117
  91.250
  80.450
  52.269
  44.027
  37.035
  62.576
 102.835
  77.171
  40.409
  16.665
  22.243
  61.244
  67.417
  94.542
  98.882
  84.307
  58.067
  32.407
  -3.402
  43.176
  93.813
 139.598
 109.624
  54.378
  36.869
  -5.125
  18.758
  42.361
  74.156
  80.396
  45.001
  42.675
  54.027
  67.414
  79.119
  82.882
  42.986
  32.973
  51.179
  72.846
  96.747
  91.680
  53.553
  -1.316
  37.601
  74.261
  83.590
 112.811
  65.927
  66.021
  43.957
  77.909
  55.108
  48.730
  69.866
  79.298
  56.646
  41.659
  40.465
  34.567
  62.309
  88.506
 106.722
  80.137
  43.771
  45.455
   2.322
  81.569
 100.646
  82.524
  60.443
  34.417
  37.825
  47.949
  39.098
  71.745
  75.277
  63.797
  64.532
  60.687
  52.674
  56.629
  71.381
  57.130
  47.918
  22.779
  59.120
  78.672
  62.131
  44.927
  51.970
  81.550
  89.483
  93.022
  78.421
  19.075
  20.838
  66.893
  60.275
  96.747
  82.316
  50.554
  36.729
  32.309
  64.920
  71.683
  70.108
  85.785
  52.802
  46.641
  59.196
  60.802
  49.921
  40.920
  90.158
 113.640
  83.335
  63.491
  43.438
  38.695
  29.207
  97.073
  94.582
  81.757
  43.463
  51.412
  60.606
  70.717
  81.700
  82.259
  47.845
  22.423
  44.043
  94.534
 113.291
  85.733
  35.995
  21.345
  36.300
  52.844
  46.407
  53.095
  43.900
  55.878
  43.111
  37.975
  37.803
  51.869
  87.497
 104.416
  78.810
  32.693
  22.993
  72.933
  58.245
  80.628
  70.140
  41.675
  63.221
  69.027
  85.355
 102.568
  48.306
  43.909
  46.129
  34.900
  65.196
  69.994
  62.639
  53.105
  48.015
  18.360
  50.471
  81.213
  79.005
  64.669
  52.934
  58.745
  57.981
  53.270
  44.104
  71.177
  83.103
  73.937
  73.541
  46.607
  37.485
  34.161
  43.782
  51.594
  70.055
  58.954
  44.279
  37.666
  52.045
  38.763
  43.537
  43.130
  72.464
  92.394
  56.589
  29.067
  63.670
  77.967
  60.850
  60.022
  48.457
  56.056
  67.494
  87.086
  78.991
  66.396
  46.316
  54.372
  42.973
  62.597
  83.448
  55.750
  57.964
  23.245
  44.810
 112.542
 110.127
  67.955
  34.703
  30.570
  72.729
  76.915
  70.930
  50.822
  58.817
  52.108
  54.541
  78.053
  76.454
  85.884
  46.254
  33.430
  30.341
  44.333
  47.428
  67.613
  59.880
  99.983
  77.113
  43.023
  37.270
  58.511
  85.952
  76.567
  31.808
  53.737
  56.071
  69.246
  68.195
  52.214
  76.149
  51.678
  70.427
  61.983
  62.737
  94.161
  54.121
  16.788
  29.974
  51.235
  80.862
 117.213
 108.735
  64.145
  26.847
   0.288
  22.366
  75.190
  89.722
  93.439
  57.982
  29.886
  59.046
  97.561
  83.402
  31.766
  32.577
  28.475
  49.133
  94.403
  64.440
  44.711
  38.499
  21.807
  72.212
  97.876
 100.645
  57.031
  22.407
  40.170
  63.836
  88.180
  56.492
  58.954
  50.471
  74.643
  81.364
  51.277
  13.339
  26.478
  43.355
  65.473
  61.653
  84.956
  71.732
  52.503
  69.872
  67.997
  59.024
  31.260
  58.334
  42.787
  92.831
  83.754
  77.580
  59.644
  61.892
  43.367
  58.955
  91.965
  88.893
  59.751
  71.425
  25.204
  40.796
  56.459
  58.822
  93.690
  84.805
  29.669
  41.626
  31.484
  55.570
  80.968
 113.755
  80.027
  35.428
  41.884
  62.409
  96.846
  64.320
  50.495
  24.770
  16.946
  62.590
 116.439
  96.655
  32.122
  17.294
  23.183
  58.899
 129.337
 100.851
  60.600
  18.521
  37.263
  51.897
  48.647
  82.400
  87.168
  65.624
  45.976
  64.213
  65.128
  46.110
  67.545
  53.646
  57.910
  51.527
  65.971
  64.263
  61.727
  58.610
  50.830
  68.170
  71.327
  62.862
  58.151
  50.556
  32.682
  63.288
  88.732
  73.362
  24.874
  53.626
  38.828
  59.629
  68.710
  64.262
  34.614
  43.445
  68.220
  86.014
  76.051
  54.954
  66.078
  50.932
  51.262
  51.169
  83.364
  61.287
  43.983
  59.045
  82.762
  64.317
  53.319
  73.278
  54.142
  45.263
  61.243
  46.968
  58.536
  97.898
  90.805
  54.505
  30.590
  27.261
  63.759
  60.068
  55.730
  76.683
  73.459
  65.734
  44.172
  37.697
  30.182
  55.262
  87.407
 122.533
 103.792
  52.297
   8.265
  32.128
  70.124
  72.343
  71.755
  45.420
  79.661
  67.697
  64.739
  47.485
  53.536
  46.067
  88.187
  88.709
  31.589
  31.899
  66.309
  96.736
  99.258
  73.652
   6.487
  25.067
  55.613
  72.154
 105.364
  82.818
  49.583
  64.761
  59.560
  60.377
  79.250
  48.496
  53.572
  49.990
  45.376
  96.207
  80.243
  48.671
  24.410
  21.459
  60.244
  84.469
  75.298
  60.861
  86.083
  86.354
  40.569
  55.373
  61.811
  73.397
  52.138
  57.910
  49.916
  67.651
  67.972
  49.841
  16.714
  38.613
  79.059
 100.301
 116.167
  71.184
  65.159
  48.922
  35.024
  51.486
  75.828
  50.903
  55.590
  95.617
  51.019
  19.478
  47.639
  85.303
  92.916
  74.274
  49.531
  46.393
  49.557
  66.145
  61.162
  62.778
  72.055
  25.864
  23.387
  47.416
  69.619
  83.681
  64.945
  62.184
  56.360
  54.003
  61.697
  72.974
  53.650
  65.447
  23.765
  33.227
  57.933
 109.235
  87.098
  73.929
  56.302
  28.214
  43.547
  85.449
  89.401
  67.347
  24.023
  39.298
  40.350
  29.281
  55.945
  81.289
  54.141
  74.245
  63.383
  77.649
  37.057
  29.578
  38.467
  93.195
  81.220
  55.803
  70.643
  52.372
  22.371
  25.555
  72.982
 100.997
  83.021
  41.506
  12.546
  32.041
  75.983
  84.009
  63.099
  70.487
  65.727
  45.728
  59.277
  48.903
  38.821
  73.090
  92.812
  80.758
  15.993
  57.151
  28.316
  33.098
  64.548
  77.408
 109.347
  69.293
  60.617
  54.956
  48.778
  35.356
  34.594
  61.604
  50.958
  49.904
  74.710
  87.962
  69.427
  53.706
  38.655
  35.008
  57.993
